$ANSIBLE_VAULT;1.1;AES256
65366663643034383331633633333638613362383730316166336563386132343663336465666263
3630623364313835386631313239663166646464323663640a633733613964306538373161393265
34373131663662373736363538323339616262356661343134366435333562363035376165313132
3533393934376332320a653761363933663262613230393237666436363565663333383335663730
64353263656665663962323265373838646331313639396666333462656362393935303361666338
36636433386530343235336534383530656462623764613137306433396566653434376234633466
66353463363135633363346464643633336561306666393461303036326233656264376562663432
65363338303539626331343366306131663863643363393232623032373163346366353364643765
62356432636136323835653239373364306265363064613262613034386635663533316466383038
32313238323239656361636336653439643361333939313064616234336661353235646662633736
63613932636133646134616538313132336361363462666539383738376665396439353566386430
35323335383033653035383162363831636531666462313830373135643364383739383736313464
37333530343764613933636336313064323263303930356330633335376536376464303636353731
64396436653533353733336136356563613239386233636363356464323363383736663462353866
30356266346438343865613432313138353764326631363239626364316437326163663065396364
64633564316565393236646133613038306333616637333761323138616330303135366161613065
32326632363237366531343330653161613633653035646361323130396631643632616530323335
34306632313134383031336231326635306465366335383163386363653531373561656334333134
38326239336633306536356334356363353936343664313936623531306537656262643164656262
36653936303739316433383865336139643661613831343931303165383265643937346361666561
64373936373063643861653739373964396337666432363730326363303464623231626362613336
65393632613835626530333066633437383066393533353465336331636161366563373830316637
62613832303036336136386231306431656163306639636630376262633462376366646535653430
36396162313830636330643833326262613263633530363033666661383063383166386330636138
32343662366465366233303939663431336366623437383266656265386431633032366665643136
31346539393436323439396634336638356438633337643038333738383662363162653938336538
62323336646139393535343439383632386631373536346539313932626139616432383430333962
39306566663464393837316535353232363836383162396561623037616265326334386464323166
66626465653130616438656464333531643066366166343234663837383533656631353237316334
61633539616565346161346661383964393366646639346261363036613833623837616365326565
30666631363838323231643933326530333561366530346433383262353138633465323537663831
37346335333234636635303463326338633437646633363332383739343936646132376437663962
62393732313531636332366239663966383964663862303766626563623530356661626635333438
62386266643934366335316435313761353732313064616464623836393737613235353431373864
61366461376663613435343463383433396261303431336137653537346162663438396134303031
34653130303933326230306139646630316662623131306530643066363439633735363064313662
32306436656164323132316661333630323634646139303438636164303332623866666637666561
63376332643937353665323736313361306237313862313061353739373365356264346136343663
38373433376663653461346563373164633463323564393834633630646532333435373933353034
62386331373938613262373330373430663532333365373034633164366233653262346462323130
66663130343837363361376164646665316139643962366665336261623963363731386233303031
37343535656238353632333532323038333364303461373132643661373731643238306561363366
30633961636630636634396136346132313565666536323963356239353666323861303931306638
63383632623435326465333932626262323031663030303265353532376665616536343533373135
62393837333032633465633062646338643633306566343734336235356631313066313735356330
38346564316430376434653130383731386532613634333232343063366566396134363862353431
34343762643461356338643234316131313231633537303632353531353435353230336362356239
32613030643733393834633665353865396130316230323130643463333264346263346465356264
30396232626137656561396634303030393233313364376666353864623965396539373137343230
62376537623663386162336466663465633661306464333863393432353934356662333766386230
39343633396665623537336633656464333361303138363463616565303132363935653938653361
32373237626435666265373332396531343434306134393461663138663939313030653535343339
33383264386666353739386230343363336237383261376666396130643864636331306565343639
63323937623365353934323938636230373033633039636463616633646161646664633061376339
32643433383564303237393466313239643634363238383561616331326639613537666365326132
31373166613232363133633738343863663234373839306563663630653437346535623636363564
38313162333036366662653731643031663130643933336537643430383737623733336634656665
31393238646134353838653030623166626533356337373538636664383630666164306539323234
35356562346261616536303837646232633735376633396335336466343864386537623833616635
39643564613966613130396665356231393561616438623737313134376132623963616339303535
38636461616236656464323730366435373235646634346339353235386334646265386435343331
33346638633334383664666234636637646537376261333562663463633865626433363163363937
65343636333561613437633131383136393831653538633938336437643936323536373637333935
63373435343765336161643031303237383337356438386462343230323763303464656631373735
38383032396539646364306264656535313738353066393038306635656132393465376364633630
31613130343735353562313936356437383634343033333262393435653236643061663137343533
36633531656332306530626439323436396139383966666436343533353563663034356634373537
38353139333661626166373638643333346362316266663438326662373361373932666430353639
36373935363137323934326530663232306163363666303133663231336263336639356461333639
34633733353139316435333838636331356335613237313731303533393032646335346165643232
37363736316661396463323661346539623161366162653137326666333839623638616562363730
34326333623237376362626235393631396637316264343834653830633939373439623230373636
34363832623437303862353938363934303031653635383064303836396165313963626362646139
36356232363737383030363065376634663963643735646234363435633037633239376130396636
38663961643965326136633161336138636139633438326338363336323530393561623065316136
62653864346562663830663338656136393235656232306536323338323161343431666138653061
33306539356133656464336231383232343338346531316233636134653563323566666434346635
30366630653764623665613164353635643338663436393638356534363462363565663431313164
38356238356531336138383762366366316632653231616162653231343361336565366464366461
38363231623262326466656234343061353666633266313436383361643763343764336534366337
34383736326537313065653238316238373134333866343338303537373964663133643431323432
65356335666334643766333261613933363064376234616665346563613263656439363332343131
39343464623265353864376663336537303333356338613734623830363131313963613036376631
66333738333162366264363130636630636131656462626632383134656439303737376134666634
35626436333563316565656665303661326264396531343362363865363333326265366433373738
32386634333132316333303763363234653966366262393763613630316336626539326166643539
33396331643564633933393732313264623565653537353539306161323964343964626630653462
63643436643135393266616234303365313166353339346530633266306231303436323735623165
62336637633437366139616134363732653163316635383030383132643832316636343764386336
64626665643538656139363437336631386338666165646564353532373565613530633034343464
39383565613638663561643066613739613064623861323661366366393834333761303233303734
62643866323039346131363437366665616635666562336137636264393263386330363231363063
32636639636462353866333436643461663933396638343663336333643031656365333465613463
31646336636463366666663631313564316564336430323463393963633165653836353836386664
34653437613265656564346339613839303861313639306331316361393633313530623631613730
30656466333630666134643333323631633361393034653865353866626637386663653133643436
66623763333064643338323035326161333364653938393461653962363062303766386164343965
66613535393838613633353564663130643435623564346662666136316530636233396564346462
32323531333639346238343935616665653936366537393132376634383866643266386138633532
62353936663166363264393038616330323834653365396639313763386464336463383537383538
63363666613066613962353235316435663939636365306366636637646536386663353762663765
33353463383637326633306134616536633462356633323134633164653666633666303561353036
32636262663339376262353466316332323064336363623632323331306166393738346166643831
65613636383230656130323139346136613163653633626365613834633639633738343935663061
32656131366538313237363333356531626562376264343438643130663163656162313766356131
30343535343637653965646162646536613066363035393638623261376331333064653862313639
63346637343861323464626136663361323664393335616636613962396462656538376134663339
39376164343636306264323034326633323465336237316430343263373462333665623063393131
31623934376139323530363933376365613130373030326330383334386166303835663262383630
38333638626532663237373038663433636133663039303630326636366637633932373335336638
30313036366663653935646136356562356164303730633033343231333365363262373736333061
66373233386539303330376562653362386138323335663537393636346561653133633131663331
33383032663032303530376534326464633864326436393362636637646563373735316266633533
62323039373039313538623435653637653532623434373038343865393437643061363638353462
31363737396362343561626139633233313932663638623139313631643563643231663039663038
31393963316534333932356434323538313232616132303734666338366539643437386239613137
35396639343762396430306132366135373964323162306138306462313933373537303534363336
34373966396236346636386164633035343261663662383661626461316436636538373430666563
63373266373931316638346264313533333465613634303335656130326632363032326636326235
30626462316431363234346437343461376133643963393633373438336663343637323039316339
64396138363239393939653939643637353166333464313533663465616662323438383365396332
63373030333133626636363166666232386561643062353031346436393132653733336364616262
31633935636239646161393239613839323031306236373435636363633262356362333234396431
37353837306566623534353932343963333235363833353834663236303132386661366531363331
35333335313238303065346233643731376366613662343038646537663566383964636133333862
34326531613530623331633434376166306363353863633864383266333332633264333935623539
61316333316635343638636563636161633739356364663965323964373135303066643665636366
35306235316239333831646164643162363463303735386562316134373534633762396234393365
65616236383132346630653239323035373831336463623533353930313361313034643061333063
63636461643631616330376237663163316436383464613365633365313331663733366332316661
61316637393962666239623633376336393730616435366161633363643037353130303339356236
33353737363365636364323131373335353664666565306332303666663936646465326566613565
64323263313562643164663562613132326330353634386266383935336662323166376236366232
31353236646233633037356261366536613832366532323662326164623532323239343862333636
37613765626464663766383732376463623163656661306539373430363062346361326465613064
35646135613332336633
